cost:	0.368739
BalanceCost:	0.004146
AlignmentCost:	0.733333
