cost:0.365027
BalanceCost:0.005054
AlignmentCost:0.725000
