cost:0.420979
BalanceCost:0.091958
AlignmentCost:0.750000
