cost:0.370003
BalanceCost:0.046256
AlignmentCost:0.693750
