cost:0.349912
BalanceCost:0.006074
AlignmentCost:0.693750
