cost:0.349539
BalanceCost:0.005327
AlignmentCost:0.693750
