cost:0.353290
BalanceCost:0.012829
AlignmentCost:0.693750
