cost:	0.352949
BalanceCost:	0.012147
AlignmentCost:	0.693750
