cost:	0.370474
BalanceCost:	0.047197
AlignmentCost:	0.693750
