cost:	0.355298
BalanceCost:	0.016845
AlignmentCost:	0.693750
