cost:	0.459962
BalanceCost:	0.069923
AlignmentCost:	0.850000
