cost:	0.391583
BalanceCost:	0.049833
AlignmentCost:	0.733333
