cost:	0.373221
BalanceCost:	0.013109
AlignmentCost:	0.733333
