cost:	0.429214
BalanceCost:	0.083427
AlignmentCost:	0.775000
