cost:	0.439049
BalanceCost:	0.103098
AlignmentCost:	0.775000
