cost:	0.454313
BalanceCost:	0.058627
AlignmentCost:	0.850000
