cost:	0.551082
BalanceCost:	0.252164
AlignmentCost:	0.850000
