cost:	0.471924
BalanceCost:	0.093849
AlignmentCost:	0.850000
