cost:	0.472107
BalanceCost:	0.094214
AlignmentCost:	0.850000
